4 0.8765625 0.13125 0.18984375 0.22578125
4 0.6203125 0.3765625 0.22109375 0.23046875
4 0.128125 0.37734375 0.228125 0.2234375
4 0.8671875 0.6265625 0.23046875 0.21640625
4 0.63125 0.6359375 0.14921875 0.209375
4 0.1265625 0.628125 0.18984375 0.22578125
4 0.88125 0.8765625 0.196875 0.240625
4 0.62265625 0.88046875 0.1515625 0.2328125
4 0.384375 0.89609375 0.1625 0.2078125
4 0.13125 0.890625 0.16796875 0.21875
2 0.6203125 0.1265625 0.21640625 0.25
2 0.87890625 0.3734375 0.1828125 0.23046875
0 0.3765625 0.13125 0.178125 0.21640625
0 0.3765625 0.6328125 0.18515625 0.22578125
0 0.11484375 0.12109375 0.2046875 0.2421875
0 0.37421875 0.3765625 0.1921875 0.21640625