0 0.884375 0.1421875 0.21640625 0.21640625
2 0.615625 0.125 0.21171875 0.228125
3 0.3796875 0.12109375 0.21640625 0.2328125
1 0.11796875 0.12578125 0.2046875 0.2359375
1 0.88125 0.38359375 0.16796875 0.2359375
4 0.63203125 0.3828125 0.1828125 0.23828125
2 0.3703125 0.3890625 0.21875 0.21875
4 0.115625 0.3859375 0.22578125 0.228125
2 0.8703125 0.63203125 0.19453125 0.2234375
0 0.62421875 0.634375 0.2046875 0.22109375
0 0.371875 0.63125 0.178125 0.21640625
2 0.1296875 0.6375 0.19453125 0.22109375
1 0.871875 0.88046875 0.209375 0.2390625
1 0.6203125 0.8859375 0.22109375 0.22578125
2 0.371875 0.890625 0.19921875 0.21875
3 0.12578125 0.8859375 0.2046875 0.22578125