1 0.8796875 0.1296875 0.19921875 0.228125
0 0.625 0.1234375 0.21875 0.23046875
3 0.378125 0.1359375 0.18515625 0.228125
2 0.11796875 0.1421875 0.2046875 0.21875
1 0.88125 0.384375 0.21171875 0.23046875
3 0.6296875 0.371875 0.21640625 0.24765625
1 0.3703125 0.38828125 0.196875 0.2328125
2 0.115625 0.3796875 0.18984375 0.24296875
2 0.88046875 0.6265625 0.2046875 0.24765625
2 0.6296875 0.6375 0.21171875 0.25703125
1 0.3734375 0.625 0.18984375 0.25234375
4 0.11796875 0.61875 0.2046875 0.23046875
3 0.8578125 0.8796875 0.22578125 0.240625
0 0.61484375 0.89140625 0.1859375 0.2171875
1 0.38125 0.878125 0.18984375 0.240625
2 0.1234375 0.88203125 0.20703125 0.2359375