4 0.8734375 0.134375 0.15625 0.22109375
4 0.871875 0.3796875 0.20703125 0.23046875
4 0.121875 0.3828125 0.196875 0.24296875
4 0.8734375 0.6265625 0.1875 0.24765625
4 0.38125 0.6265625 0.178125 0.23046875
4 0.86796875 0.878125 0.1921875 0.24375
4 0.625 0.8859375 0.15390625 0.228125
3 0.6234375 0.1234375 0.196875 0.246875
3 0.3796875 0.1296875 0.18984375 0.228125
2 0.121875 0.11796875 0.1875 0.2359375
2 0.6265625 0.3796875 0.228125 0.21875
2 0.36953125 0.89375 0.1671875 0.2125
0 0.37421875 0.378125 0.2015625 0.240625
0 0.13046875 0.878125 0.1796875 0.24375
1 0.6109375 0.6265625 0.178125 0.22578125
1 0.121875 0.6265625 0.178125 0.21171875