1 0.8671875 0.125 0.196875 0.23046875
2 0.6203125 0.13203125 0.20703125 0.2140625
0 0.39453125 0.13828125 0.1421875 0.2140625
3 0.12421875 0.1296875 0.1921875 0.23046875
4 0.878125 0.3765625 0.18515625 0.21640625
4 0.63125 0.37734375 0.21875 0.2234375
3 0.375 0.3765625 0.19453125 0.22578125
1 0.12734375 0.3765625 0.2015625 0.23046875
1 0.87265625 0.6234375 0.1828125 0.240625
0 0.628125 0.6234375 0.178125 0.22109375
4 0.3734375 0.63125 0.196875 0.22578125
0 0.12734375 0.63125 0.2015625 0.22578125
2 0.8703125 0.884375 0.146875 0.22578125
3 0.634375 0.88359375 0.18515625 0.2046875
0 0.375 0.8859375 0.178125 0.22578125
1 0.12421875 0.878125 0.1859375 0.24375