2 0.8859375 0.128125 0.178125 0.22109375
3 0.6265625 0.1265625 0.19921875 0.228125
0 0.3765625 0.1375 0.178125 0.21171875
2 0.11953125 0.13125 0.1921875 0.228125
4 0.86796875 0.3796875 0.1921875 0.23046875
2 0.6359375 0.38125 0.17578125 0.228125
3 0.3796875 0.3796875 0.19921875 0.23046875
3 0.12265625 0.37734375 0.2046875 0.2359375
4 0.8765625 0.6234375 0.21875 0.24296875
3 0.6390625 0.6203125 0.178125 0.23828125
1 0.371875 0.6375 0.23046875 0.21875
4 0.1203125 0.6265625 0.19921875 0.22578125
4 0.88359375 0.8859375 0.1734375 0.22578125
4 0.6296875 0.87578125 0.209375 0.2484375
3 0.38125 0.8859375 0.19921875 0.228125
1 0.121875 0.878125 0.175 0.24375