0 0.859375 0.1390625 0.19453125 0.209375
4 0.628125 0.1390625 0.22578125 0.21171875
0 0.3703125 0.1359375 0.1875 0.20703125
4 0.11796875 0.13125 0.2140625 0.21640625
3 0.8828125 0.3734375 0.18984375 0.209375
0 0.640625 0.378125 0.22109375 0.21875
1 0.37421875 0.3890625 0.1828125 0.209375
4 0.11875 0.37109375 0.21171875 0.2046875
2 0.87578125 0.62890625 0.2015625 0.2328125
1 0.63125 0.62734375 0.20703125 0.2046875
2 0.38203125 0.6296875 0.2046875 0.23046875
2 0.12890625 0.6375 0.1828125 0.21875
4 0.88046875 0.88828125 0.1921875 0.2234375
1 0.6296875 0.884375 0.21640625 0.23046875
4 0.3640625 0.8796875 0.22109375 0.240625
0 0.1234375 0.87578125 0.178125 0.2484375