4 0.871875 0.128125 0.19453125 0.21640625
4 0.62109375 0.1234375 0.2140625 0.22109375
4 0.87421875 0.3734375 0.1828125 0.22109375
2 0.37421875 0.12734375 0.2046875 0.2140625
2 0.625 0.37734375 0.19453125 0.2359375
2 0.38125 0.38125 0.1875 0.21640625
2 0.1265625 0.37578125 0.19921875 0.2328125
2 0.6359375 0.8734375 0.178125 0.240625
0 0.1265625 0.1296875 0.21640625 0.22109375
0 0.86875 0.63828125 0.15390625 0.2140625
0 0.3703125 0.628125 0.18046875 0.22578125
0 0.13125 0.6328125 0.18984375 0.22578125
0 0.3734375 0.89375 0.16328125 0.196875
1 0.6203125 0.625 0.1875 0.21640625
1 0.87890625 0.87421875 0.1734375 0.2359375
4 0.1375 0.875 0.19453125 0.23828125