4 0.8703125 0.121875 0.196875 0.22109375
0 0.621875 0.1234375 0.21640625 0.228125
3 0.371875 0.134375 0.21875 0.21171875
0 0.1234375 0.12890625 0.17578125 0.2046875
0 0.86484375 0.3890625 0.1734375 0.24296875
4 0.6296875 0.3765625 0.21640625 0.228125
2 0.36875 0.36484375 0.21640625 0.2234375
3 0.11953125 0.37734375 0.2046875 0.2015625
2 0.86875 0.6328125 0.18515625 0.21875
4 0.62734375 0.6203125 0.2046875 0.209375
0 0.36953125 0.6328125 0.2015625 0.23046875
0 0.1296875 0.6359375 0.18046875 0.22109375
4 0.86328125 0.8765625 0.1828125 0.23046875
4 0.63046875 0.871875 0.2015625 0.22578125
3 0.371875 0.890625 0.18984375 0.21875
0 0.11796875 0.8890625 0.2359375 0.22109375