0 0.865625 0.1296875 0.18984375 0.22109375
0 0.1265625 0.63203125 0.20703125 0.2234375
0 0.871875 0.8796875 0.19921875 0.22109375
2 0.621875 0.134375 0.18984375 0.22109375
2 0.36875 0.1359375 0.18515625 0.21640625
2 0.37109375 0.88125 0.1828125 0.23046875
4 0.1296875 0.11484375 0.14921875 0.1828125
4 0.125 0.884375 0.18515625 0.228125
3 0.86875 0.3828125 0.18046875 0.21640625
3 0.62109375 0.3828125 0.2046875 0.23046875
3 0.13046875 0.375 0.2046875 0.23046875
3 0.875 0.6296875 0.22578125 0.22109375
1 0.3734375 0.37890625 0.18515625 0.2234375
1 0.6296875 0.63203125 0.20703125 0.2328125
1 0.365625 0.63125 0.18046875 0.21875
1 0.61875 0.88359375 0.18515625 0.2328125