4 0.87734375 0.134375 0.2328125 0.240625
3 0.6265625 0.1265625 0.24296875 0.240625
2 0.3734375 0.125 0.22578125 0.23828125
0 0.1203125 0.1296875 0.21171875 0.240625
3 0.8703125 0.38046875 0.21171875 0.2359375
2 0.621875 0.3796875 0.20703125 0.23828125
2 0.3703125 0.38125 0.196875 0.21875
4 0.12265625 0.384375 0.2015625 0.23046875
3 0.8859375 0.628125 0.21171875 0.23046875
1 0.625 0.6328125 0.19453125 0.23828125
3 0.36875 0.6421875 0.22578125 0.22578125
0 0.11796875 0.634375 0.2015625 0.22578125
2 0.8734375 0.87265625 0.21640625 0.2234375
1 0.6234375 0.8890625 0.21875 0.21640625
1 0.3578125 0.88125 0.21640625 0.22578125
3 0.115625 0.8796875 0.23046875 0.240625