3 0.871875 0.12734375 0.18984375 0.2234375
3 0.3875 0.12890625 0.20703125 0.2328125
3 0.12421875 0.375 0.2046875 0.23046875
3 0.13203125 0.88046875 0.1796875 0.2390625
4 0.62890625 0.134375 0.2046875 0.21875
4 0.871875 0.38125 0.18984375 0.20703125
4 0.6171875 0.6453125 0.18046875 0.19921875
4 0.3796875 0.88359375 0.19453125 0.2328125
1 0.1203125 0.12890625 0.18984375 0.2328125
1 0.3796875 0.38125 0.15859375 0.23046875
1 0.8609375 0.63046875 0.1875 0.2234375
1 0.1265625 0.6296875 0.18984375 0.23046875
0 0.62578125 0.37578125 0.2046875 0.2359375
0 0.3765625 0.63515625 0.178125 0.2046875
0 0.6234375 0.8859375 0.16328125 0.22578125
2 0.8703125 0.88359375 0.1875 0.2328125