2 0.8796875 0.1359375 0.20703125 0.209375
3 0.6265625 0.1296875 0.23046875 0.22109375
4 0.3796875 0.1328125 0.21640625 0.22578125
2 0.1296875 0.134375 0.196875 0.20703125
0 0.87421875 0.37578125 0.2046875 0.2359375
0 0.6234375 0.3828125 0.22578125 0.22109375
2 0.37421875 0.3828125 0.1921875 0.21875
1 0.115625 0.384375 0.209375 0.22578125
2 0.8796875 0.634375 0.21171875 0.21875
3 0.625 0.625 0.20703125 0.209375
4 0.3703125 0.6265625 0.21875 0.20703125
0 0.11875 0.6296875 0.21171875 0.21875
0 0.8765625 0.8765625 0.20703125 0.21640625
1 0.625 0.88828125 0.21875 0.2140625
1 0.38125 0.884375 0.21875 0.23046875
3 0.1234375 0.87734375 0.20703125 0.2328125