4 0.13203125 0.1296875 0.1734375 0.228125
2 0.6234375 0.134375 0.165625 0.196875
2 0.63984375 0.8890625 0.1828125 0.196875
0 0.37734375 0.8921875 0.2015625 0.20703125
0 0.37265625 0.621875 0.1703125 0.196875
0 0.878125 0.3765625 0.1875 0.221875
5 0.63671875 0.3859375 0.1703125 0.18046875
4 0.62890625 0.63203125 0.17890625 0.2109375
4 0.88203125 0.11875 0.1828125 0.19921875
4 0.13359375 0.6453125 0.1734375 0.18046875
4 0.88046875 0.8828125 0.21484375 0.20390625
0 0.365625 0.1296875 0.16328125 0.1875