5 0.11328125 0.1453125 0.2015625 0.215625
5 0.634375 0.13984375 0.184375 0.2265625
5 0.1265625 0.3890625 0.15859375 0.225
5 0.6296875 0.38359375 0.1875 0.18984375
0 0.38125 0.13125 0.17578125 0.19453125
0 0.375 0.3859375 0.21328125 0.234375
0 0.88046875 0.3953125 0.14296875 0.209375
4 0.8890625 0.14453125 0.16328125 0.2046875
4 0.378125 0.62265625 0.19921875 0.2046875
4 0.38125 0.884375 0.20390625 0.203125
4 0.6421875 0.6234375 0.17578125 0.196875
4 0.62578125 0.8890625 0.209375 0.2109375
4 0.12890625 0.6375 0.1921875 0.19453125