2 0.8703125 0.63046875 0.19921875 0.2359375
2 0.36875 0.38203125 0.21640625 0.2140625
2 0.11953125 0.384375 0.1828125 0.22109375
2 0.3734375 0.8859375 0.18984375 0.21875
2 0.871875 0.1328125 0.178125 0.209375
2 0.8734375 0.38125 0.19453125 0.20703125
2 0.62421875 0.1359375 0.2015625 0.22578125
2 0.615625 0.884375 0.209375 0.196875
2 0.1234375 0.134375 0.19453125 0.22109375
0 0.36328125 0.63984375 0.1828125 0.2046875
1 0.628125 0.3890625 0.19921875 0.18046875
4 0.12578125 0.89375 0.18984375 0.19921875
2 0.61640625 0.640625 0.1734375 0.209375