3 0.86484375 0.12890625 0.1921875 0.2046875
3 0.865625 0.38046875 0.165625 0.2140625
3 0.37734375 0.9 0.1703125 0.19921875
4 0.6203125 0.1421875 0.165625 0.196875
4 0.884375 0.8875 0.18515625 0.21875
4 0.1140625 0.6421875 0.165625 0.21640625
2 0.38125 0.1296875 0.1875 0.21171875
2 0.878125 0.63515625 0.15859375 0.2015625
2 0.61796875 0.8796875 0.1734375 0.21875
2 0.378125 0.40859375 0.17578125 0.1734375
4 0.3671875 0.6265625 0.16328125 0.18515625
0 0.6234375 0.3734375 0.17578125 0.1875
0 0.1203125 0.1421875 0.1875 0.196875
0 0.11875 0.36875 0.19453125 0.1875
1 0.60859375 0.62578125 0.1734375 0.2046875
1 0.1234375 0.884375 0.17578125 0.18984375